0 107 province_sum_cases COD_PRO
1 2         73742.7491
1 96         70785.6857
1 5         66001.4772
1 7         65225.6261
2 103         63642.4452
2 12         53993.3129
2 3         27227.5972
2 96         11050.1837
3 15         45844.2906
3 96         35912.9502
3 2         27227.5972
3 12         31897.7972
4 1         75100.5624
4 5          65033.253
4 9         59968.1665
4 8         61493.5041
5 9         66719.4089
5 1         66001.4772
5 4          65033.253
5 6         38122.0656
6 9         67633.1507
6 10         54092.9349
6 5         38122.0656
6 18         42879.8825
7 103         84165.9344
7 2         68109.1167
7 96         57550.2057
7 1         65225.6261
8 6         119376.435
8 5         107742.448
8 9         53607.7368
8 4         61493.5041
9 6         67633.1507
9 5         66719.4089
9 8         53607.7368
9 4         59968.1665
10 9         69490.0919
10 33         59371.5215
10 11         55416.8857
10 6         54092.9349
11 46         61623.5443
11 10         55416.8857
11 45          22561.542
11 34           55215.28
12 103          46209.297
12 108         42985.0106
12 3         31897.7972
12 13         32284.9159
13 16          51542.683
13 108           34258.95
13 97         18405.7409
13 12         32284.9159
14 17         73168.6136
14 97         59731.2633
14 13         71542.6067
14 16          56459.344
15 3         45844.2906
15 98         44011.3907
15 108         22120.1654
15 18         39778.7895
16 13          51542.683
16 108         44290.4475
16 97         33372.9826
16 17         42025.1655
17 20         73112.4128
17 23         64862.7463
17 16         42025.1655
17 19         58929.9726
18 33         53202.4401
18 98         44744.9517
18 6         42879.8825
18 15         39778.7895
19 34         61188.8691
19 17         58929.9726
19 98         32629.6052
19 33         49046.3472
20 36         66203.4281
20 35         60043.5738
20 19         61204.8641
20 23         38942.9763
21 93          117386.11
21 24         113936.126
21 22         66486.3758
21 25          71518.869
22 23         80099.0747
22 17         79120.3844
22 24         58814.3411
22 21         66486.3758
23 17         64862.7463
23 28         60829.4439
23 20         38942.9763
23 24         45504.2168
24 22         58814.3411
24 26         58170.0061
24 28         43738.4737
24 23         45504.2168
25 30         77220.6037
25 21          71518.869
25 26         57398.5899
25 93          46179.432
26 24         58170.0061
26 93         50129.3142
26 25         57398.5899
26 27         37070.2301
27 93         69192.3959
27 29         69013.6787
27 28         53690.8544
27 26         37070.2301
28 26         58975.0717
28 24         43738.4737
28 27         53690.8544
28 29         38706.6672
29 39         71324.0201
29 27         69013.6787
29 38         25460.2334
29 28         38706.6672
30 25         77220.6037
30 32         76104.4315
30 31         49459.5213
30 93         38568.2386
31 27         88219.3052
31 93         68607.6452
31 30         49459.5213
31 32         27938.0105
32 27         104280.558
32 93         96142.5969
32 30         76104.4315
32 31         27938.0105
33 18         53202.4401
33 98         40569.7779
33 19         49046.3472
33 34         40263.1354
34 11           55215.28
34 35         40617.1081
34 45         46143.2707
34 33         40263.1354
35 20         60043.5738
35 45         57974.8098
35 36          28124.025
35 34         40617.1081
36 20         66203.4281
36 47         63214.9307
36 35          28124.025
36 37         38098.1943
37 100         57001.5019
37 38         56321.7897
37 36         38098.1943
37 39         52121.7698
38 28         62381.0175
38 37         56321.7897
38 29         25460.2334
38 39         47821.8395
39 99          60521.523
39 37         52121.7698
39 40         37303.5648
39 38         47821.8395
40 41         63345.6539
40 51         57812.8529
40 99         34511.0834
40 39         37303.5648
41 51         68423.1505
41 40         63345.6539
41 42         44677.8143
41 99         31735.8594
42 54          70186.426
42 109         56556.2183
42 43         35655.2249
42 41         44677.8143
43 54         59144.1501
43 44         42257.8182
43 42         35655.2249
43 109         29263.2451
44 68         71215.8452
44 43         42257.8182
44 67         30462.0132
44 109         23566.2965
45 35         57974.8098
45 34         46143.2707
45 11          22561.542
45 46         43963.8152
46 50         58927.6325
46 100         52969.7958
46 47         33302.3853
46 45         43963.8152
47 50         53784.5225
47 48         39225.0873
47 100          19675.764
47 46         33302.3853
48 50         61252.4312
48 51         55489.3935
48 47         39225.0873
48 100         21773.4169
49 46         95727.1813
49 52         79755.3356
49 50         42609.9714
49 53         74008.2271
50 100         60575.3544
50 46         58927.6325
50 49         42609.9714
50 47         53784.5225
51 99         64638.5353
51 40         57812.8529
51 52         49991.1433
51 48         55489.3935
52 50          72729.679
52 48         70885.2222
52 53         48034.9229
52 51         49991.1433
53 50         92191.5036
53 49         74008.2271
53 52         48034.9229
53 56         73635.8469
54 41         71388.2895
54 42          70186.426
54 55         46619.4272
54 43         59144.1501
55 58         84132.6709
55 57         58320.2763
55 56         40622.6237
55 54         46619.4272
56 57         79652.6047
56 53         73635.8469
56 55         40622.6237
56 58         73312.9755
57 67         69795.8793
57 66         61186.0765
57 55         58320.2763
57 58         59725.9888
58 55         84132.6709
58 56         73312.9755
58 59         72795.4378
58 57         59725.9888
59 61         88316.4476
59 66         84141.8989
59 58         72795.4378
59 60          38653.342
60 61         68512.2198
60 94         59648.1593
60 59          38653.342
60 66         54617.0143
61 60         68512.2198
61 62         49656.0132
61 94          48642.637
61 63         44225.8072
62 63         55889.0861
62 70         51520.4507
62 64          40274.379
62 61         49656.0132
63 65         87755.9454
63 62         55889.0861
63 64         63930.2305
63 61         44225.8072
64 71         74452.2399
64 63         63930.2305
64 65         61055.5018
64 62          40274.379
65 62         97808.4202
65 63         87755.9454
65 76         56741.8176
65 64         61055.5018
66 57         61186.0765
66 67         61090.4348
66 60         54617.0143
66 68         40441.6359
67 66         61090.4348
67 109         51976.5618
67 44         30462.0132
67 68         40793.5345
68 44         71215.8452
68 69         41848.0393
68 66         40441.6359
68 67         40793.5345
69 66         64560.1152
69 70         55090.3304
69 94         51369.8465
69 68         41848.0393
70 71         68072.4647
70 62         51520.4507
70 69         55090.3304
70 94          44350.583
71 62         75561.2921
71 64         74452.2399
71 70         68072.4647
71 110         65453.6134
72 76         86586.0157
72 77         57757.9124
72 73         57889.0243
72 110         55962.6117
73 75         93019.6566
73 77         64954.6961
73 72         57889.0243
73 74         42323.2956
74 77         107231.577
74 72         87480.2043
74 73         42323.2956
74 75         64093.4421
75 77         151689.381
75 72         148103.611
75 73         93019.6566
75 74         64093.4421
76 64         85943.0099
76 110         77133.5328
76 77           47515.01
76 65         56741.8176
77 110         81886.2448
77 73         64954.6961
77 76           47515.01
77 72         57757.9124
78 102           105670.5
78 77         101438.909
78 79         75955.1063
78 101         69106.4816
79 80         83538.2433
79 78         75955.1063
79 102         41658.9011
79 101         50628.1503
80 101         131737.466
80 83          98355.612
80 102         44526.1241
80 79         83538.2433
93 31         68607.6452
93 26         50129.3142
93 25          46179.432
93 30         38568.2386
94 60         59648.1593
94 61          48642.637
94 69         51369.8465
94 70          44350.583
96 12         58522.9614
96 7         57550.2057
96 3         35912.9502
96 2         11050.1837
97 12         48626.7781
97 16         33372.9826
97 13         18405.7409
97 108         31433.1427
98 18         44744.9517
98 15         44011.3907
98 19         32629.6052
98 33         40569.7779
99 51         64638.5353
99 39          60521.523
99 40         34511.0834
99 41         31735.8594
100 37         57001.5019
100 46         52969.7958
100 47          19675.764
100 48         21773.4169
101 80         131737.466
101 102              92075
101 79         50628.1503
101 78         69106.4816
102 78           105670.5
102 101              92075
102 79         41658.9011
102 80         44526.1241
103 2         63642.4452
103 96         59558.8696
103 3         60761.7265
103 12          46209.297
108 12         42985.0106
108 97         31433.1427
108 13           34258.95
108 15         22120.1654
109 42         56556.2183
109 67         51976.5618
109 44         23566.2965
109 43         29263.2451
110 77         81886.2448
110 76         77133.5328
110 71         65453.6134
110 72         55962.6117
81 86         154373.926
81 85         131079.682
81 82         77966.0119
81 84         82678.6688
82 86          81034.098
82 81         77966.0119
82 84         49476.3642
82 85         71458.0429
83 89         107555.455
83 80          98355.612
83 87         59535.1655
83 86         68237.7484
84 86         83256.1826
84 81         82678.6688
84 82         49476.3642
84 85         50730.3123
85 82         71458.0429
85 87         69185.6463
85 86          40192.546
85 84         50730.3123
86 89         77520.3074
86 83         68237.7484
86 87          36203.628
86 85          40192.546
87 88         68498.4173
87 89         51775.4926
87 83         59535.1655
87 86          36203.628
88 86         78204.6136
88 85          73751.623
88 87         68498.4173
88 89         36184.9891
89 85          90666.602
89 86         77520.3074
89 87         51775.4926
89 88         36184.9891
90 92         171324.329
90 111         146358.073
90 95         86674.9054
90 91          71589.821
91 92         110399.885
91 111          91121.205
91 95         59522.7724
91 90          71589.821
92 90         171324.329
92 91         110399.885
92 95         93005.4922
92 111          28264.204
95 92         93005.4922
95 90         86674.9054
95 111         65210.6961
95 91         59522.7724
111 90         146358.073
111 91          91121.205
111 95         65210.6961
111 92          28264.204
