0 20 regioni_sum_cases COD_REG
1 9         312368.491
1 8         253984.236
1 5         314978.259
1 4         303172.896
1 7         107525.735
1 3           157760.1
1 2         85657.5397
2 8         317068.794
2 5         347892.417
2 4         311133.523
2 7         192874.963
2 3         185940.742
2 1         85657.5397
3 10         366238.497
3 11         368342.838
3 9         264286.696
3 6         261770.256
3 8         157417.055
3 5         162503.983
3 4         148337.922
3 7         172293.541
3 1           157760.1
3 2         185940.742
5 10         302365.695
5 11         275400.589
5 9         250933.554
5 6         108957.502
5 8         139730.278
5 4         98811.3026
5 7         292074.016
5 3         162503.983
5 1         314978.259
5 2         347892.417
4 11         374011.829
4 9         332720.071
4 6         140344.588
4 8         213410.344
4 5         98811.3026
4 7         314858.595
4 3         148337.922
4 1         303172.896
4 2         311133.523
7 10         338214.709
7 11         371429.984
7 9         215229.009
7 8         188759.842
7 5         292074.016
7 4         314858.595
7 3         172293.541
7 1         107525.735
7 2         192874.963
6 10          357438.48
6 11         312307.586
6 9         337102.121
6 8         239842.599
6 5         108957.502
6 4         140344.588
6 3         261770.256
8 12         316097.024
8 13          342627.05
8 10         209136.693
8 11         213486.578
8 9         120089.582
8 6         239842.599
8 5         139730.278
8 4         213410.344
8 7         188759.842
8 3         157417.055
8 1         253984.236
8 2         317068.794
9 12         211602.982
9 13         261100.125
9 14         345776.435
9 10         122987.205
9 11         163352.662
9 6         337102.121
9 8         120089.582
9 5         250933.554
9 4         332720.071
9 7         215229.009
9 3         264286.696
9 1         312368.491
10 12         112036.373
10 13         138992.046
10 14         224627.396
10 15         305194.776
10 11         67820.7976
10 9         122987.205
10 6          357438.48
10 8         209136.693
10 5         302365.695
10 7         338214.709
10 3         366238.497
11 12         155083.314
11 13          137698.84
11 14         220350.866
11 15         310802.393
11 10         67820.7976
11 9         163352.662
11 6         312307.586
11 8         213486.578
11 5         275400.589
11 4         374011.829
11 7         371429.984
11 3         368342.838
13 17         268191.955
13 12         93890.2107
13 14         86108.2404
13 15         173271.606
13 16         270678.357
13 10         138992.046
13 11          137698.84
13 9         261100.125
13 8          342627.05
14 17         182098.373
14 12         155152.449
14 13         86108.2404
14 15         94295.6675
14 16         188484.848
14 18          327838.26
14 10         224627.396
14 11         220350.866
14 9         345776.435
12 17         323257.455
12 13         93890.2107
12 14         155152.449
12 15          213648.51
12 16         342053.722
12 20         378510.856
12 10         112036.373
12 11         155083.314
12 9         211602.982
12 8         316097.024
16 17         71548.7049
16 12         342053.722
16 13         270678.357
16 14         188484.848
16 15         152164.039
16 18         215481.479
15 17         112425.463
15 19         368757.345
15 12          213648.51
15 13         173271.606
15 14         94295.6675
15 16         152164.039
15 18         237806.693
15 10         305194.776
15 11         310802.393
18 17         161606.083
18 19         253175.156
18 14          327838.26
18 15         237806.693
18 16         215481.479
19 17         364912.836
19 15         368757.345
19 18         253175.156
20 12         378510.856
17 19         364912.836
17 12         323257.455
17 13         268191.955
17 14         182098.373
17 15         112425.463
17 16         71548.7049
17 18         161606.083
